A: 0.0011996879014166506
B: 0.00020228076172135005
C: 3.7629115321846556e-07
