A: 0.0010464775901922207
B: 0.00023135512558944193
C: 2.4160791423412087e-07
