A: 0.0010464775901922207, incerteza: 2.437715784449606e-06
B: 0.00023135512558944193, incerteza: 4.737287292406545e-07
C: 2.4160791423412087e-07, incerteza: 3.464426173662302e-09
