A: 0.0015394079530505825, incerteza: 8.135134704920243e-05
B: 0.00015193897608414838, incerteza: 1.5276700062101748e-05
C: 5.40103885163216e-07, incerteza: 7.590934240093938e-08
