A: 0.001199687901416651, incerteza: 6.232112987479945e-06
B: 0.00020228076172135, incerteza: 1.0949802425051135e-06
C: 3.762911532184658e-07, incerteza: 5.470367954532959e-09
