A: 0.0012908258763502612
B: 0.00019037973506470178
C: 4.0637257507869733e-07
