A: 0.0006627035426614272
B: 0.0002876966734390638
C: 5.380238759988452e-08
