A: 0.0005504602197643578, incerteza: 2.1704137627791536e-05
B: 0.00030669031967597073, incerteza: 3.575316817207362e-06
C: -2.1704712734015928e-08, incerteza: 1.4929198299940664e-08
