A: 0.0015394079530505833
B: 0.0001519389760841483
C: 5.401038851632163e-07
