A: 0.0005504602197643578
B: 0.00030669031967597073
C: -2.170471273401594e-08
