A: 0.0006627035426614272, incerteza: 2.2227787373453427e-05
B: 0.0002876966734390638, incerteza: 3.868595361917614e-06
C: 5.380238759988452e-08, incerteza: 1.742260848520917e-08
