A: 0.0012908258763502612, incerteza: 3.261873458231478e-05
B: 0.00019037973506470172, incerteza: 6.0931766030017105e-06
C: 4.063725750786976e-07, incerteza: 3.0245366694846056e-08
